total move, total food count , total poison count , total children count
65, 0, 7, 0
70, 1, 8, 0
85, 0, 3, 0
85, 0, 3, 1
90, 0, 2, 0
90, 1, 4, 0
90, 2, 6, 1
100, 0, 0, 0
100, 1, 2, 1
105, 1, 1, 0
110, 1, 0, 0
110, 1, 0, 0
115, 2, 1, 0
115, 2, 1, 0
115, 3, 3, 0
120, 3, 2, 0
125, 3, 1, 0
130, 6, 6, 0
130, 4, 2, 0
130, 5, 4, 2
140, 9, 10, 0
140, 7, 6, 1
60, 0, 8, 0
145, 7, 5, 0
145, 5, 1, 0
145, 5, 1, 0
150, 5, 0, 0
150, 7, 4, 0
150, 5, 0, 0
150, 5, 0, 0
150, 6, 2, 0
150, 6, 2, 0
150, 5, 0, 0
150, 6, 2, 0
150, 6, 2, 0
150, 6, 2, 1
155, 7, 3, 0
155, 6, 1, 0
155, 7, 3, 0
155, 6, 1, 0
155, 7, 3, 1
85, 0, 3, 1
140, 6, 4, 0
100, 3, 6, 0
150, 6, 2, 0
95, 0, 1, 0
140, 4, 0, 0
130, 3, 0, 0
150, 6, 2, 0
